-9223372036854775536	-9223372036854775536	0
-9223372036854775088	-9223372036854775088	0
-9223372036854775087	-9223372036854775087	0
-9223372036854775086	-9223372036854775086	0
-9223372036854775085	-9223372036854775085	0
-9223372036854775084	-9223372036854775084	0
-9223372036854774599	-9223372036854774599	0
-9223372036854774598	-9223372036854774598	0
-9223372036854774597	-9223372036854774597	0
-9223372036854774596	-9223372036854774596	0
-9223372036854774595	-9223372036854774595	0
-9223372036854774594	-9223372036854774594	0
-9223372036854774593	-9223372036854774593	0
-9223372036854774592	-9223372036854774592	0
-9223372036854774591	-9223372036854774591	0
-9223372036854774590	-9223372036854774590	0
-9223372036854774589	-9223372036854774589	0
-9223372036854774588	-9223372036854774588	0
-9223372036854774587	-9223372036854774587	0
-9223372036854774586	-9223372036854774586	0
-9223372036854774585	-9223372036854774585	0
-9223372036854774584	-9223372036854774584	0
-9223372036854774583	-9223372036854774583	0
-9223372036854774582	-9223372036854774582	0
-9223372036854774581	-9223372036854774581	0
-9223372036854774580	-9223372036854774580	0
-9223372036854774579	-9223372036854774579	0
-9223372036854774578	-9223372036854774578	0
-9223372036854774577	-9223372036854774577	0
-9223372036854774576	-9223372036854774576	0
-9223372036854774575	-9223372036854774575	0
-9223372036854774574	-9223372036854774574	0
-9223372036854774573	-9223372036854774573	0
-9223372036854774572	-9223372036854774572	0
-9223372036854774571	-9223372036854774571	0
-9223372036854774570	-9223372036854774570	0
-9223372036854774569	-9223372036854774569	0
-9223372036854774568	-9223372036854774568	0
-9223372036854774567	-9223372036854774567	0
-9223372036854774566	-9223372036854774566	0
-9223372036854774565	-9223372036854774565	0
-9223372036854774564	-9223372036854774564	0
-9223372036854774563	-9223372036854774563	0
-9223372036854774562	-9223372036854774562	0
-9223372036854774561	-9223372036854774561	0
-9223372036854774560	-9223372036854774560	0
-9223372036854774559	-9223372036854774559	0
-9223372036854774558	-9223372036854774558	0
-9223372036854774557	-9223372036854774557	0
-9223372036854774556	-9223372036854774556	0
-9223372036854774555	-9223372036854774555	0
-9223372036854774554	-9223372036854774554	0
-9223372036854774553	-9223372036854774553	0
-9223372036854774552	-9223372036854774552	0
-9223372036854774551	-9223372036854774551	0
-9223372036854774550	-9223372036854774550	0
-9223372036854774549	-9223372036854774549	0
-9223372036854774548	-9223372036854774548	0
-9223372036854774547	-9223372036854774547	0
-9223372036854774546	-9223372036854774546	0
-9223372036854774545	-9223372036854774545	0
-9223372036854774544	-9223372036854774544	0
-9223372036854774543	-9223372036854774543	0
-9223372036854774542	-9223372036854774542	0
-9223372036854774541	-9223372036854774541	0
-9223372036854774540	-9223372036854774540	0
-9223372036854774539	-9223372036854774539	0
-9223372036854774538	-9223372036854774538	0
-9223372036854774537	-9223372036854774537	0
-9223372036854774536	-9223372036854774536	0
-9223372036854774535	-9223372036854774535	0
-9223372036854774534	-9223372036854774534	0
-9223372036853775808	-9223372036853775808	0
-9223372036853775807	-9223372036853775807	0
-9223372036853775806	-9223372036853775806	0
-9223372036853775805	-9223372036853775805	0
-9223372036854775536	-9223372036854775088	1
-9223372036854775088	-9223372036854775087	1
-9223372036854775088	-9223372036854775086	1
-9223372036854775088	-9223372036854775085	1
-9223372036854775088	-9223372036854775084	1
-9223372036854775085	-9223372036854774598	1
-9223372036854775085	-9223372036854774596	1
-9223372036854775085	-9223372036854774591	1
-9223372036854775085	-9223372036854774585	1
-9223372036854775085	-9223372036854774548	1
-9223372036854775084	-9223372036854774580	1
-9223372036854774598	-9223372036854774599	1
-9223372036854774598	-9223372036854774595	1
-9223372036854774598	-9223372036854774594	1
-9223372036854774598	-9223372036854774593	1
-9223372036854774598	-9223372036854774587	1
-9223372036854774598	-9223372036854774583	1
-9223372036854774598	-9223372036854774574	1
-9223372036854774598	-9223372036854774572	1
-9223372036854774598	-9223372036854774567	1
-9223372036854774598	-9223372036854774565	1
-9223372036854774598	-9223372036854774564	1
-9223372036854774598	-9223372036854774559	1
-9223372036854774598	-9223372036854774557	1
-9223372036854774598	-9223372036854774554	1
-9223372036854774598	-9223372036854774551	1
-9223372036854774598	-9223372036854774547	1
-9223372036854774598	-9223372036854774542	1
-9223372036854774598	-9223372036854774541	1
-9223372036854774598	-9223372036854774535	1
-9223372036854774596	-9223372036854774597	1
-9223372036854774596	-9223372036854774540	1
-9223372036854774591	-9223372036854774592	1
-9223372036854774591	-9223372036854774590	1
-9223372036854774591	-9223372036854774589	1
-9223372036854774591	-9223372036854774588	1
-9223372036854774591	-9223372036854774584	1
-9223372036854774591	-9223372036854774582	1
-9223372036854774591	-9223372036854774579	1
-9223372036854774591	-9223372036854774578	1
-9223372036854774591	-9223372036854774575	1
-9223372036854774591	-9223372036854774573	1
-9223372036854774591	-9223372036854774569	1
-9223372036854774591	-9223372036854774568	1
-9223372036854774591	-9223372036854774566	1
-9223372036854774591	-9223372036854774563	1
-9223372036854774591	-9223372036854774562	1
-9223372036854774591	-9223372036854774558	1
-9223372036854774591	-9223372036854774555	1
-9223372036854774591	-9223372036854774546	1
-9223372036854774591	-9223372036854774545	1
-9223372036854774591	-9223372036854774543	1
-9223372036854774591	-9223372036854774537	1
-9223372036854774591	-9223372036853775808	1
-9223372036854774591	-9223372036853775807	1
-9223372036854774591	-9223372036853775806	1
-9223372036854774591	-9223372036853775805	1
-9223372036854774585	-9223372036854774586	1
-9223372036854774585	-9223372036854774577	1
-9223372036854774585	-9223372036854774576	1
-9223372036854774585	-9223372036854774571	1
-9223372036854774585	-9223372036854774570	1
-9223372036854774585	-9223372036854774561	1
-9223372036854774585	-9223372036854774552	1
-9223372036854774585	-9223372036854774538	1
-9223372036854774585	-9223372036854774536	1
-9223372036854774585	-9223372036854774534	1
-9223372036854774580	-9223372036854774581	1
-9223372036854774580	-9223372036854774560	1
-9223372036854774580	-9223372036854774556	1
-9223372036854774580	-9223372036854774553	1
-9223372036854774580	-9223372036854774550	1
-9223372036854774580	-9223372036854774539	1
-9223372036854774548	-9223372036854774549	1
-9223372036854774548	-9223372036854774544	1
-9223372036854775536	-9223372036854775087	2
-9223372036854775536	-9223372036854775086	2
-9223372036854775536	-9223372036854775085	2
-9223372036854775536	-9223372036854775084	2
-9223372036854775088	-9223372036854774598	2
-9223372036854775088	-9223372036854774596	2
-9223372036854775088	-9223372036854774591	2
-9223372036854775088	-9223372036854774585	2
-9223372036854775088	-9223372036854774580	2
-9223372036854775088	-9223372036854774548	2
-9223372036854775085	-9223372036854774599	2
-9223372036854775085	-9223372036854774597	2
-9223372036854775085	-9223372036854774595	2
-9223372036854775085	-9223372036854774594	2
-9223372036854775085	-9223372036854774593	2
-9223372036854775085	-9223372036854774592	2
-9223372036854775085	-9223372036854774590	2
-9223372036854775085	-9223372036854774589	2
-9223372036854775085	-9223372036854774588	2
-9223372036854775085	-9223372036854774587	2
-9223372036854775085	-9223372036854774586	2
-9223372036854775085	-9223372036854774584	2
-9223372036854775085	-9223372036854774583	2
-9223372036854775085	-9223372036854774582	2
-9223372036854775085	-9223372036854774579	2
-9223372036854775085	-9223372036854774578	2
-9223372036854775085	-9223372036854774577	2
-9223372036854775085	-9223372036854774576	2
-9223372036854775085	-9223372036854774575	2
-9223372036854775085	-9223372036854774574	2
-9223372036854775085	-9223372036854774573	2
-9223372036854775085	-9223372036854774572	2
-9223372036854775085	-9223372036854774571	2
-9223372036854775085	-9223372036854774570	2
-9223372036854775085	-9223372036854774569	2
-9223372036854775085	-9223372036854774568	2
-9223372036854775085	-9223372036854774567	2
-9223372036854775085	-9223372036854774566	2
-9223372036854775085	-9223372036854774565	2
-9223372036854775085	-9223372036854774564	2
-9223372036854775085	-9223372036854774563	2
-9223372036854775085	-9223372036854774562	2
-9223372036854775085	-9223372036854774561	2
-9223372036854775085	-9223372036854774559	2
-9223372036854775085	-9223372036854774558	2
-9223372036854775085	-9223372036854774557	2
-9223372036854775085	-9223372036854774555	2
-9223372036854775085	-9223372036854774554	2
-9223372036854775085	-9223372036854774552	2
-9223372036854775085	-9223372036854774551	2
-9223372036854775085	-9223372036854774549	2
-9223372036854775085	-9223372036854774547	2
-9223372036854775085	-9223372036854774546	2
-9223372036854775085	-9223372036854774545	2
-9223372036854775085	-9223372036854774544	2
-9223372036854775085	-9223372036854774543	2
-9223372036854775085	-9223372036854774542	2
-9223372036854775085	-9223372036854774541	2
-9223372036854775085	-9223372036854774540	2
-9223372036854775085	-9223372036854774538	2
-9223372036854775085	-9223372036854774537	2
-9223372036854775085	-9223372036854774536	2
-9223372036854775085	-9223372036854774535	2
-9223372036854775085	-9223372036854774534	2
-9223372036854775085	-9223372036853775808	2
-9223372036854775085	-9223372036853775807	2
-9223372036854775085	-9223372036853775806	2
-9223372036854775085	-9223372036853775805	2
-9223372036854775084	-9223372036854774581	2
-9223372036854775084	-9223372036854774560	2
-9223372036854775084	-9223372036854774556	2
-9223372036854775084	-9223372036854774553	2
-9223372036854775084	-9223372036854774550	2
-9223372036854775084	-9223372036854774539	2
-9223372036854775536	-9223372036854774598	3
-9223372036854775536	-9223372036854774596	3
-9223372036854775536	-9223372036854774591	3
-9223372036854775536	-9223372036854774585	3
-9223372036854775536	-9223372036854774580	3
-9223372036854775536	-9223372036854774548	3
-9223372036854775088	-9223372036854774599	3
-9223372036854775088	-9223372036854774597	3
-9223372036854775088	-9223372036854774595	3
-9223372036854775088	-9223372036854774594	3
-9223372036854775088	-9223372036854774593	3
-9223372036854775088	-9223372036854774592	3
-9223372036854775088	-9223372036854774590	3
-9223372036854775088	-9223372036854774589	3
-9223372036854775088	-9223372036854774588	3
-9223372036854775088	-9223372036854774587	3
-9223372036854775088	-9223372036854774586	3
-9223372036854775088	-9223372036854774584	3
-9223372036854775088	-9223372036854774583	3
-9223372036854775088	-9223372036854774582	3
-9223372036854775088	-9223372036854774581	3
-9223372036854775088	-9223372036854774579	3
-9223372036854775088	-9223372036854774578	3
-9223372036854775088	-9223372036854774577	3
-9223372036854775088	-9223372036854774576	3
-9223372036854775088	-9223372036854774575	3
-9223372036854775088	-9223372036854774574	3
-9223372036854775088	-9223372036854774573	3
-9223372036854775088	-9223372036854774572	3
-9223372036854775088	-9223372036854774571	3
-9223372036854775088	-9223372036854774570	3
-9223372036854775088	-9223372036854774569	3
-9223372036854775088	-9223372036854774568	3
-9223372036854775088	-9223372036854774567	3
-9223372036854775088	-9223372036854774566	3
-9223372036854775088	-9223372036854774565	3
-9223372036854775088	-9223372036854774564	3
-9223372036854775088	-9223372036854774563	3
-9223372036854775088	-9223372036854774562	3
-9223372036854775088	-9223372036854774561	3
-9223372036854775088	-9223372036854774560	3
-9223372036854775088	-9223372036854774559	3
-9223372036854775088	-9223372036854774558	3
-9223372036854775088	-9223372036854774557	3
-9223372036854775088	-9223372036854774556	3
-9223372036854775088	-9223372036854774555	3
-9223372036854775088	-9223372036854774554	3
-9223372036854775088	-9223372036854774553	3
-9223372036854775088	-9223372036854774552	3
-9223372036854775088	-9223372036854774551	3
-9223372036854775088	-9223372036854774550	3
-9223372036854775088	-9223372036854774549	3
-9223372036854775088	-9223372036854774547	3
-9223372036854775088	-9223372036854774546	3
-9223372036854775088	-9223372036854774545	3
-9223372036854775088	-9223372036854774544	3
-9223372036854775088	-9223372036854774543	3
-9223372036854775088	-9223372036854774542	3
-9223372036854775088	-9223372036854774541	3
-9223372036854775088	-9223372036854774540	3
-9223372036854775088	-9223372036854774539	3
-9223372036854775088	-9223372036854774538	3
-9223372036854775088	-9223372036854774537	3
-9223372036854775088	-9223372036854774536	3
-9223372036854775088	-9223372036854774535	3
-9223372036854775088	-9223372036854774534	3
-9223372036854775088	-9223372036853775808	3
-9223372036854775088	-9223372036853775807	3
-9223372036854775088	-9223372036853775806	3
-9223372036854775088	-9223372036853775805	3
-9223372036854775536	-9223372036854774599	4
-9223372036854775536	-9223372036854774597	4
-9223372036854775536	-9223372036854774595	4
-9223372036854775536	-9223372036854774594	4
-9223372036854775536	-9223372036854774593	4
-9223372036854775536	-9223372036854774592	4
-9223372036854775536	-9223372036854774590	4
-9223372036854775536	-9223372036854774589	4
-9223372036854775536	-9223372036854774588	4
-9223372036854775536	-9223372036854774587	4
-9223372036854775536	-9223372036854774586	4
-9223372036854775536	-9223372036854774584	4
-9223372036854775536	-9223372036854774583	4
-9223372036854775536	-9223372036854774582	4
-9223372036854775536	-9223372036854774581	4
-9223372036854775536	-9223372036854774579	4
-9223372036854775536	-9223372036854774578	4
-9223372036854775536	-9223372036854774577	4
-9223372036854775536	-9223372036854774576	4
-9223372036854775536	-9223372036854774575	4
-9223372036854775536	-9223372036854774574	4
-9223372036854775536	-9223372036854774573	4
-9223372036854775536	-9223372036854774572	4
-9223372036854775536	-9223372036854774571	4
-9223372036854775536	-9223372036854774570	4
-9223372036854775536	-9223372036854774569	4
-9223372036854775536	-9223372036854774568	4
-9223372036854775536	-9223372036854774567	4
-9223372036854775536	-9223372036854774566	4
-9223372036854775536	-9223372036854774565	4
-9223372036854775536	-9223372036854774564	4
-9223372036854775536	-9223372036854774563	4
-9223372036854775536	-9223372036854774562	4
-9223372036854775536	-9223372036854774561	4
-9223372036854775536	-9223372036854774560	4
-9223372036854775536	-9223372036854774559	4
-9223372036854775536	-9223372036854774558	4
-9223372036854775536	-9223372036854774557	4
-9223372036854775536	-9223372036854774556	4
-9223372036854775536	-9223372036854774555	4
-9223372036854775536	-9223372036854774554	4
-9223372036854775536	-9223372036854774553	4
-9223372036854775536	-9223372036854774552	4
-9223372036854775536	-9223372036854774551	4
-9223372036854775536	-9223372036854774550	4
-9223372036854775536	-9223372036854774549	4
-9223372036854775536	-9223372036854774547	4
-9223372036854775536	-9223372036854774546	4
-9223372036854775536	-9223372036854774545	4
-9223372036854775536	-9223372036854774544	4
-9223372036854775536	-9223372036854774543	4
-9223372036854775536	-9223372036854774542	4
-9223372036854775536	-9223372036854774541	4
-9223372036854775536	-9223372036854774540	4
-9223372036854775536	-9223372036854774539	4
-9223372036854775536	-9223372036854774538	4
-9223372036854775536	-9223372036854774537	4
-9223372036854775536	-9223372036854774536	4
-9223372036854775536	-9223372036854774535	4
-9223372036854775536	-9223372036854774534	4
-9223372036854775536	-9223372036853775808	4
-9223372036854775536	-9223372036853775807	4
-9223372036854775536	-9223372036853775806	4
-9223372036854775536	-9223372036853775805	4
