-9223372036854775392	-9223372036854775510
-9223372036854775392	-9223372036854775509
-9223372036854775164	-9223372036854775509
-9223372036854775392	-9223372036854775508
-9223372036854775392	-9223372036854775507
-9223372036854775392	-9223372036854775506
-9223372036854775392	-9223372036854775505
-9223372036854775150	-9223372036854775505
-9223372036854775392	-9223372036854775504
-9223372036854775268	-9223372036854775504
-9223372036854775392	-9223372036854775503
-9223372036854775392	-9223372036854775502
-9223372036854775392	-9223372036854775501
-9223372036854775268	-9223372036854775501
-9223372036854775392	-9223372036854775500
-9223372036854775268	-9223372036854775500
-9223372036854775392	-9223372036854775499
-9223372036854775392	-9223372036854775498
-9223372036854775392	-9223372036854775497
-9223372036854775268	-9223372036854775497
-9223372036854775195	-9223372036854775497
-9223372036854775392	-9223372036854775496
-9223372036854775268	-9223372036854775496
-9223372036854775195	-9223372036854775496
-9223372036854775392	-9223372036854775495
-9223372036854775392	-9223372036854775494
-9223372036854775392	-9223372036854775493
-9223372036854775268	-9223372036854775493
-9223372036854775150	-9223372036854775493
-9223372036854775392	-9223372036854775492
-9223372036854775268	-9223372036854775492
-9223372036854775195	-9223372036854775492
-9223372036854775164	-9223372036854775492
-9223372036854775154	-9223372036854775492
-9223372036854775392	-9223372036854775491
-9223372036854775268	-9223372036854775491
-9223372036854775195	-9223372036854775491
-9223372036854775164	-9223372036854775491
-9223372036854775154	-9223372036854775491
-9223372036854775392	-9223372036854775490
-9223372036854775268	-9223372036854775490
-9223372036854775195	-9223372036854775490
-9223372036854775392	-9223372036854775489
-9223372036854775268	-9223372036854775489
-9223372036854775195	-9223372036854775489
-9223372036854775392	-9223372036854775488
-9223372036854775268	-9223372036854775488
-9223372036854775195	-9223372036854775488
-9223372036854775150	-9223372036854775488
-9223372036854775139	-9223372036854775488
-9223372036854775392	-9223372036854775487
-9223372036854775268	-9223372036854775487
-9223372036854775150	-9223372036854775487
-9223372036854775392	-9223372036854775486
-9223372036854775268	-9223372036854775486
-9223372036854775150	-9223372036854775486
-9223372036854775139	-9223372036854775486
-9223372036854775392	-9223372036854775485
-9223372036854775268	-9223372036854775485
-9223372036854775392	-9223372036854775484
-9223372036854775268	-9223372036854775484
-9223372036854775392	-9223372036854775483
-9223372036854775268	-9223372036854775483
-9223372036854775392	-9223372036854775482
-9223372036854775268	-9223372036854775482
-9223372036854775392	-9223372036854775481
-9223372036854775268	-9223372036854775481
-9223372036854775164	-9223372036854775481
-9223372036854775392	-9223372036854775480
-9223372036854775268	-9223372036854775480
-9223372036854775164	-9223372036854775480
-9223372036854775392	-9223372036854775479
-9223372036854775392	-9223372036854775478
-9223372036854775268	-9223372036854775478
-9223372036854775392	-9223372036854775477
-9223372036854775273	-9223372036854775477
-9223372036854775392	-9223372036854775476
-9223372036854775268	-9223372036854775476
-9223372036854775392	-9223372036854775475
-9223372036854775392	-9223372036854775474
-9223372036854775392	-9223372036854775473
-9223372036854775268	-9223372036854775473
-9223372036854775392	-9223372036854775472
-9223372036854775392	-9223372036854775471
-9223372036854775268	-9223372036854775471
-9223372036854775150	-9223372036854775471
-9223372036854775392	-9223372036854775470
-9223372036854775268	-9223372036854775470
-9223372036854775392	-9223372036854775469
-9223372036854775392	-9223372036854775468
-9223372036854775268	-9223372036854775468
-9223372036854775392	-9223372036854775467
-9223372036854775268	-9223372036854775467
-9223372036854775392	-9223372036854775466
-9223372036854775268	-9223372036854775466
-9223372036854775164	-9223372036854775466
-9223372036854775392	-9223372036854775465
-9223372036854775392	-9223372036854775464
-9223372036854775268	-9223372036854775464
-9223372036854775392	-9223372036854775463
-9223372036854775273	-9223372036854775463
-9223372036854775392	-9223372036854775462
-9223372036854775268	-9223372036854775462
-9223372036854775392	-9223372036854775461
-9223372036854775392	-9223372036854775460
-9223372036854775392	-9223372036854775459
-9223372036854775392	-9223372036854775458
-9223372036854775268	-9223372036854775458
-9223372036854775392	-9223372036854775457
-9223372036854775392	-9223372036854775456
-9223372036854775268	-9223372036854775456
-9223372036854775150	-9223372036854775456
-9223372036854775392	-9223372036854775455
-9223372036854775268	-9223372036854775455
-9223372036854775150	-9223372036854775455
-9223372036854775139	-9223372036854775455
-9223372036854775392	-9223372036854775454
-9223372036854775268	-9223372036854775454
-9223372036854775392	-9223372036854775453
-9223372036854775268	-9223372036854775453
-9223372036854775195	-9223372036854775453
-9223372036854775392	-9223372036854775452
-9223372036854775268	-9223372036854775452
-9223372036854775392	-9223372036854775451
-9223372036854775268	-9223372036854775451
-9223372036854775392	-9223372036854775450
-9223372036854775268	-9223372036854775450
-9223372036854775164	-9223372036854775450
-9223372036854775392	-9223372036854775449
-9223372036854775268	-9223372036854775449
-9223372036854775164	-9223372036854775449
-9223372036854775392	-9223372036854775448
-9223372036854775392	-9223372036854775447
-9223372036854775268	-9223372036854775447
-9223372036854775392	-9223372036854775446
-9223372036854775273	-9223372036854775446
-9223372036854775392	-9223372036854775445
-9223372036854775268	-9223372036854775445
-9223372036854775392	-9223372036854775444
-9223372036854775392	-9223372036854775443
-9223372036854775268	-9223372036854775443
-9223372036854775392	-9223372036854775442
-9223372036854775392	-9223372036854775441
-9223372036854775268	-9223372036854775441
-9223372036854775392	-9223372036854775440
-9223372036854775392	-9223372036854775439
-9223372036854775268	-9223372036854775439
-9223372036854775150	-9223372036854775439
-9223372036854775139	-9223372036854775439
-9223372036854775392	-9223372036854775438
-9223372036854775268	-9223372036854775438
-9223372036854775392	-9223372036854775437
-9223372036854775268	-9223372036854775437
-9223372036854775392	-9223372036854775436
-9223372036854775268	-9223372036854775436
-9223372036854775164	-9223372036854775436
-9223372036854775154	-9223372036854775436
-9223372036854775392	-9223372036854775435
-9223372036854775268	-9223372036854775435
-9223372036854775392	-9223372036854775434
-9223372036854775268	-9223372036854775434
-9223372036854775392	-9223372036854775433
-9223372036854775268	-9223372036854775433
-9223372036854775195	-9223372036854775433
-9223372036854775175	-9223372036854775433
-9223372036854775392	-9223372036854775432
-9223372036854775392	-9223372036854775431
-9223372036854775392	-9223372036854775430
-9223372036854775392	-9223372036854775429
-9223372036854775392	-9223372036854775428
-9223372036854775392	-9223372036854775427
-9223372036854775268	-9223372036854775427
-9223372036854775195	-9223372036854775427
-9223372036854775175	-9223372036854775427
-9223372036854775392	-9223372036854775426
-9223372036854775268	-9223372036854775426
-9223372036854775195	-9223372036854775426
-9223372036854775175	-9223372036854775426
-9223372036854775392	-9223372036854775425
-9223372036854775392	-9223372036854775424
-9223372036854775268	-9223372036854775424
-9223372036854775195	-9223372036854775424
-9223372036854775175	-9223372036854775424
-9223372036854775392	-9223372036854775423
-9223372036854775268	-9223372036854775423
-9223372036854775195	-9223372036854775423
-9223372036854775175	-9223372036854775423
-9223372036854775392	-9223372036854775422
-9223372036854775268	-9223372036854775422
-9223372036854775195	-9223372036854775422
-9223372036854775175	-9223372036854775422
-9223372036854775392	-9223372036854775421
-9223372036854775268	-9223372036854775421
-9223372036854775195	-9223372036854775421
-9223372036854775175	-9223372036854775421
-9223372036854775392	-9223372036854775420
-9223372036854775268	-9223372036854775420
-9223372036854775195	-9223372036854775420
-9223372036854775175	-9223372036854775420
-9223372036854775392	-9223372036854775419
-9223372036854775268	-9223372036854775419
-9223372036854775195	-9223372036854775419
-9223372036854775175	-9223372036854775419
-9223372036854775392	-9223372036854775418
-9223372036854775273	-9223372036854775418
-9223372036854775392	-9223372036854775417
-9223372036854775268	-9223372036854775417
-9223372036854775392	-9223372036854775416
-9223372036854775268	-9223372036854775416
-9223372036854775195	-9223372036854775416
-9223372036854775175	-9223372036854775416
-9223372036854775392	-9223372036854775415
-9223372036854775392	-9223372036854775414
-9223372036854775392	-9223372036854775413
-9223372036854775392	-9223372036854775412
-9223372036854775268	-9223372036854775412
-9223372036854775392	-9223372036854775411
-9223372036854775268	-9223372036854775411
-9223372036854775392	-9223372036854775410
-9223372036854775392	-9223372036854775409
-9223372036854775392	-9223372036854775408
-9223372036854775392	-9223372036854775407
-9223372036854775392	-9223372036854775406
-9223372036854775392	-9223372036854775405
-9223372036854775392	-9223372036854775404
-9223372036854775268	-9223372036854775404
-9223372036854775392	-9223372036854775403
-9223372036854775268	-9223372036854775403
-9223372036854775392	-9223372036854775402
-9223372036854775392	-9223372036854775401
-9223372036854775268	-9223372036854775401
-9223372036854775392	-9223372036854775400
-9223372036854775268	-9223372036854775400
-9223372036854775195	-9223372036854775400
-9223372036854775392	-9223372036854775399
-9223372036854775268	-9223372036854775399
-9223372036854775392	-9223372036854775398
-9223372036854775268	-9223372036854775398
-9223372036854775392	-9223372036854775397
-9223372036854775268	-9223372036854775397
-9223372036854775392	-9223372036854775396
-9223372036854775268	-9223372036854775396
-9223372036854775392	-9223372036854775395
-9223372036854775268	-9223372036854775395
-9223372036854775392	-9223372036854775394
-9223372036854775268	-9223372036854775394
-9223372036854775392	-9223372036854775393
-9223372036854775268	-9223372036854775393
-9223372036854775150	-9223372036854775393
